71
1 4 3 5 37 38
2 7 7 40 44 45 46 59 64
3 4 1 5 26 36
4 4 8 11 14 29
5 6 1 3 30 34 37 38
6 4 24 32 43 63
7 7 2 44 45 46 52 64 68
8 4 4 13 14 29
9 4 42 47 55 57
10 4 33 35 36 65
11 5 4 14 23 35 65
12 5 25 27 28 38 60
13 4 8 20 22 29
14 4 4 8 11 35
15 4 21 39 66 71
16 4 17 40 49 59
17 5 16 49 51 53 58
18 4 19 44 45 64
19 4 18 44 45 64
20 5 13 22 29 32 67
21 4 15 52 61 71
22 4 13 20 29 67
23 4 11 30 34 65
24 5 6 32 43 48 63
25 4 12 27 28 31
26 4 3 42 47 70
27 5 12 25 28 60 70
28 4 12 25 27 31
29 5 4 8 13 20 22
30 5 5 23 31 34 37
31 5 25 28 30 37 38
32 6 6 20 24 43 63 67
33 4 10 35 54 62
34 5 5 23 30 37 65
35 5 10 11 14 33 65
36 4 3 10 47 62
37 6 1 5 30 31 34 38
38 5 1 5 12 31 37
39 5 15 48 63 66 67
40 4 2 16 46 59
41 4 47 55 56 62
42 5 9 26 57 60 70
43 4 6 24 32 63
44 7 2 7 18 19 45 52 64
45 7 2 7 18 19 44 59 64
46 6 2 7 40 50 52 68
47 5 9 26 36 41 55
48 4 24 39 63 67
49 5 16 17 51 53 58
50 5 46 55 56 57 68
51 4 17 49 53 58
52 5 7 21 44 46 68
53 4 17 49 51 58
54 4 33 61 69 71
55 6 9 41 47 50 56 57
56 4 41 50 55 62
57 4 9 42 50 55
58 4 17 49 51 53
59 4 2 16 40 45
60 4 12 27 42 70
61 5 21 54 66 69 71
62 4 33 36 41 56
63 6 6 24 32 39 43 48
64 6 2 7 18 19 44 45
65 5 10 11 23 34 35
66 5 15 39 61 69 71
67 5 20 22 32 39 48
68 4 7 46 50 52
69 4 54 61 66 71
70 4 26 27 42 60
71 6 15 21 54 61 66 69
